0001
0100
0010
4000
1000
0010
0100
0020
1000
0010
0100
0004
0001
0100
0010
0200 
0001
0100
0010
4000
1000
0010
0100
0020
1000
0010
0100
0004
0001
0100
0010
0100
0001
0100
0001
0100
0010
0010
0001
0001
1000
0010
1000
0010
0100
0100
1000
1000
0010
1000
0010
0100
0001
0001
0010
0010
0100
0001
0100
0010
1000
1000
0100
0100
0001
0001
0100
0100
0010
0010
1010
1010
1000
1000
0010
0010
0100
0100
0101
0101
0001
0001
0100
0100
0010
0010
1010
1010
1000
1000
0010
0010
0100
0100
0003
0003
0001
0100
0001
0100
0010
1000
0110
0110
0001
0100
0010
1000
0020
0001
0200
1000
0001
0100
0001
0100
0010
1000
0110
0110
0001
0100
0010
1000
0001
0001
0100
0100
0001
0100
0001
0000
1000
0010
1000
0000
0010
1000
0010
0000
0100
0001
0100
0000
0001
0100
0001
0000
1000
0010
1000
0000
0010
1000
0010
0000
0100
0001
0100
0000
0001
0100
0001
0100
0010
1000
0010
1010
1000
0010
1000
0010
0100
0001
0100
0101 
0001
0100
0001
0100
0010
1000
0010
1010
1000
0010
1000
0010
0100
0000
0000
0000
0001
0000
0001
0000
0010
0000
0001
0000
0001
0000
0010
0000
0010
0000
0010
0000
1000
0000
0100
0000
0100
0000
1000
0000
1000
0000
0100
0000
0100
0000
0100
0000
0001
0100
0001
0100
0010
1000
0010
1010
1000
0010
1000
0010
0100
0001
0100
0101
0001
1000
0001
1000
0010
0100
0010
0100
0001
1000
0010
0100
0001
0000
0001
0001
1000
0010
0100
0001
1000
1000
0100
0100
0001
0100
0010
1000
0001
0001
0010
0010
1000
0010
0100
0001
0100
0100
1000
1000
0001
0100
0010
1000
0010
0010
0001
0001
0100
0000
0000
0000
1000
0000
0000
0000
0100
0000
0000
0000
1000
0000
0000
0000
0010
0000
0000
0000
0001
0000
0000
0000
0010
0000
0000
0000
0001
0001
0003
0003
0001